  link for crambin                                                              
    31    13    16    14    34    19    54    22     0     0   159     2
    14    19    22    29    62    61    13     0     0     0     0     0
     0     0     0     0    16     0
N   H1  H2  H3  CA  HA  CB  HB  CG2 HG21HG22HG23OG1 HG1 C   O   N   H   CA  HA  
CB  HB  CG2 HG21HG22HG23OG1 HG1 C   O   OXT 
 -0.54666901E+01  0.60133591E+01  0.60133591E+01  0.60133591E+01  0.38266828E+01
  0.18222300E+01  0.25511220E+01  0.16400070E+01 -0.49200211E+01  0.16400070E+01
  0.16400070E+01  0.16400070E+01 -0.12026718E+02  0.78355889E+01  0.92933731E+01
 -0.92933731E+01 -0.85644808E+01  0.56489129E+01  0.12755610E+01  0.16400070E+01
  0.25511220E+01  0.16400070E+01 -0.49200211E+01  0.16400070E+01  0.16400070E+01
  0.16400070E+01 -0.12026718E+02  0.78355889E+01  0.61955819E+01 -0.12208941E+02
 -0.12208941E+02
  0.14010000E+02  0.10100000E+01  0.10100000E+01  0.10100000E+01  0.12010000E+02
  0.10100000E+01  0.12010000E+02  0.10100000E+01  0.12010000E+02  0.10100000E+01
  0.10100000E+01  0.10100000E+01  0.16000000E+02  0.10100000E+01  0.12010000E+02
  0.16000000E+02  0.14010000E+02  0.10100000E+01  0.12010000E+02  0.10100000E+01
  0.12010000E+02  0.10100000E+01  0.12010000E+02  0.10100000E+01  0.10100000E+01
  0.10100000E+01  0.16000000E+02  0.10100000E+01  0.12010000E+02  0.16000000E+02
  0.16000000E+02
    10     2     2     2     6     4     6     3     7     3     3     3
    13     1     5    11     9     1     6     4     6     3     7     3
     3     3    13     1     8    12    12
    12     6     5     4    14     7    10     7     6     3     2     1
     2     1     7     3    10     4    12     7    10     7     6     3
     2     1     2     1     2     1     1
     1     2     4     7    11    16    22    29    37    46    56    67
    79     2     3     5     8    12    17    23    30    38    47    57
    68    80     4     5     6     9    13    18    24    31    39    48
    58    69    81     7     8     9    10    14    19    25    32    40
    49    59    70    82    11    12    13    14    15    20    26    33
    41    50    60    71    83    16    17    18    19    20    21    27
    34    42    51    61    72    84    22    23    24    25    26    27
    28    35    43    52    62    73    85    29    30    31    32    33
    34    35    36    44    53    63    74    86    37    38    39    40
    41    42    43    44    45    54    64    75    87    46    47    48
    49    50    51    52    53    54    55    65    76    88    56    57
    58    59    60    61    62    63    64    65    66    77    89    67
    68    69    70    71    72    73    74    75    76    77    78    90
    79    80    81    82    83    84    85    86    87    88    89    90
    91
THR THR 
     1    17
  0.60000000E+03  0.25000000E+03  0.20000000E+03  0.22250000E+03  0.25000000E+03
  0.20000000E+03  0.22250000E+03  0.22250000E+03  0.33000000E+03  0.31713000E+03
  0.30900000E+03  0.32200000E+03  0.33000000E+03  0.33000000E+03  0.37000000E+03
  0.32000000E+03  0.32000000E+03  0.44000000E+03  0.40500000E+03  0.20000000E+03
  0.20000000E+03  0.40300000E+03  0.62000000E+03  0.65000000E+03  0.52500000E+03
  0.45000000E+03  0.42800000E+03  0.42800000E+03  0.54500000E+03
  0.13350000E+01  0.14900000E+01  0.15220000E+01  0.15000000E+01  0.14900000E+01
  0.15220000E+01  0.15380000E+01  0.15300000E+01  0.11000000E+01  0.11000000E+01
  0.11109999E+01  0.11109999E+01  0.10800000E+01  0.10800000E+01  0.13450000E+01
  0.14299999E+01  0.14299999E+01  0.99699998E+00  0.98000002E+00  0.14800000E+01
  0.14800000E+01  0.10400000E+01  0.12300000E+01  0.12300000E+01  0.12600000E+01
  0.13300000E+01  0.14200000E+01  0.14200000E+01  0.95999998E+00
  0.52000000E+02  0.52000000E+02  0.53349998E+02  0.50000000E+02  0.52000000E+02
  0.52000000E+02  0.53349998E+02  0.53349998E+02  0.50000000E+02  0.34000000E+02
  0.35000000E+02  0.35000000E+02  0.57500000E+02  0.57500000E+02  0.50000000E+02
  0.50000000E+02  0.33000000E+02  0.34500000E+02  0.34500000E+02  0.35500000E+02
  0.33000000E+02  0.33000000E+02  0.33430000E+02  0.37500000E+02  0.35500000E+02
  0.50000000E+02  0.50000000E+02  0.35000000E+02  0.35000000E+02  0.50000000E+02
  0.30000000E+02  0.30000000E+02  0.44000000E+02  0.80000000E+02  0.80000000E+02
  0.50000000E+02  0.50000000E+02  0.70000000E+02  0.70000000E+02  0.48000000E+02
  0.51500000E+02  0.43700001E+02  0.43700001E+02  0.67699997E+02  0.67699997E+02
  0.51500000E+02  0.45000000E+02  0.80000000E+02  0.80000000E+02  0.50000000E+02
  0.80000000E+02  0.15000000E+02  0.15000000E+02  0.44000000E+02  0.40000000E+02
  0.40000000E+02  0.10000000E+03  0.65000000E+02  0.75699997E+02  0.75699997E+02
  0.45900002E+02  0.45900002E+02
  0.18849556E+01  0.18849556E+01  0.19373155E+01  0.20943952E+01  0.18849556E+01
  0.18849556E+01  0.18936822E+01  0.19896754E+01  0.20943952E+01  0.21467550E+01
  0.20420353E+01  0.20420353E+01  0.18500490E+01  0.18500490E+01  0.21031218E+01
  0.20594885E+01  0.19111356E+01  0.19216075E+01  0.19216075E+01  0.19024088E+01
  0.19111356E+01  0.19111356E+01  0.19216075E+01  0.19216075E+01  0.18919369E+01
  0.19111356E+01  0.19111356E+01  0.19373155E+01  0.19373155E+01  0.19111356E+01
  0.19111356E+01  0.19111356E+01  0.19111356E+01  0.20333085E+01  0.20333085E+01
  0.18675023E+01  0.18675023E+01  0.19809487E+01  0.19809487E+01  0.18849556E+01
  0.19111356E+01  0.19198622E+01  0.19198622E+01  0.19198622E+01  0.19198622E+01
  0.18762289E+01  0.18762289E+01  0.21118484E+01  0.21118484E+01  0.21240656E+01
  0.21380284E+01  0.21118484E+01  0.21118484E+01  0.21293018E+01  0.20594885E+01
  0.20594885E+01  0.21642082E+01  0.20647244E+01  0.19216075E+01  0.19216075E+01
  0.19004890E+01  0.19004890E+01
  0.20000000E+00  0.20000000E+00  0.16000000E+01  0.25000000E+01  0.18000000E+01
  0.16000000E+01  0.25000000E+01  0.16000000E+01  0.25000000E+01  0.18000000E+01
  0.16000000E+01  0.25000000E+01  0.25000000E+01  0.25000000E+01  0.00000000E+00
  0.00000000E+00  0.00000000E+00  0.00000000E+00  0.13300000E+01  0.18000001E+00
  0.31999999E+00  0.13300000E+01  0.18000001E+00  0.31999999E+00  0.00000000E+00
  0.00000000E+00  0.00000000E+00  0.00000000E+00  0.00000000E+00  0.00000000E+00
  0.00000000E+00  0.00000000E+00  0.00000000E+00  0.60000002E+00  0.00000000E+00
  0.60000002E+00  0.14000000E+01  0.14000000E+01  0.00000000E+00  0.00000000E+00
  0.00000000E+00  0.00000000E+00  0.25000000E+01  0.25000000E+01  0.25000000E+01
  0.32000000E+01  0.40000000E+01  0.50000001E-01  0.20000000E+00  0.20000000E+00
  0.10000000E+00  0.14000000E+00  0.50000001E-01  0.15500000E+00  0.90000004E-01
  0.14000000E+00  0.10000000E+02  0.10000000E+02  0.10000000E+02  0.60000000E+02
  0.48000000E+02
  0.10000000E+01  0.10000000E+01 -0.10000000E+01  0.20000000E+01  0.10000000E+01
 -0.10000000E+01  0.20000000E+01 -0.10000000E+01  0.20000000E+01  0.10000000E+01
 -0.10000000E+01  0.20000000E+01  0.20000000E+01  0.20000000E+01  0.10000000E+01
  0.10000000E+01  0.10000000E+01  0.10000000E+01 -0.10000000E+01 -0.20000000E+01
  0.30000000E+01 -0.10000000E+01 -0.20000000E+01  0.30000000E+01  0.30000000E+01
  0.30000000E+01  0.10000000E+01  0.10000000E+01  0.10000000E+01  0.10000000E+01
  0.10000000E+01  0.10000000E+01  0.10000000E+01  0.10000000E+01  0.30000000E+01
  0.10000000E+01  0.10000000E+01  0.10000000E+01  0.10000000E+01  0.10000000E+01
  0.10000000E+01  0.30000000E+01  0.20000000E+01  0.20000000E+01  0.20000000E+01
  0.20000000E+01  0.20000000E+01  0.60000000E+01  0.30000000E+01  0.30000000E+01
  0.30000000E+01  0.30000000E+01  0.60000000E+01  0.30000000E+01  0.30000000E+01
  0.30000000E+01  0.20000000E+01  0.20000000E+01  0.20000000E+01  0.20000000E+01
  0.20000000E+01
  0.31415927E+01  0.31415927E+01  0.00000000E+00  0.31415927E+01  0.00000000E+00
  0.00000000E+00  0.31415927E+01  0.00000000E+00  0.31415927E+01  0.00000000E+00
  0.00000000E+00  0.31415927E+01  0.31415927E+01  0.31415927E+01  0.00000000E+00
  0.00000000E+00  0.00000000E+00  0.00000000E+00  0.00000000E+00  0.00000000E+00
  0.00000000E+00  0.00000000E+00  0.00000000E+00  0.00000000E+00  0.00000000E+00
  0.00000000E+00  0.00000000E+00  0.00000000E+00  0.00000000E+00  0.00000000E+00
  0.00000000E+00  0.00000000E+00  0.00000000E+00  0.00000000E+00  0.00000000E+00
  0.00000000E+00  0.00000000E+00  0.00000000E+00  0.00000000E+00  0.00000000E+00
  0.00000000E+00  0.31415927E+01  0.31415927E+01  0.31415927E+01  0.31415927E+01
  0.31415927E+01  0.31415927E+01  0.31415927E+01  0.00000000E+00  0.00000000E+00
  0.00000000E+00  0.00000000E+00  0.31415927E+01  0.00000000E+00  0.00000000E+00
  0.00000000E+00  0.31415927E+01  0.31415927E+01  0.31415927E+01  0.31415927E+01
  0.31415927E+01
  0.50000000E+00  0.50000000E+00  0.50000000E+00  0.50000000E+00  0.50000000E+00
  0.50000000E+00  0.50000000E+00  0.50000000E+00  0.50000000E+00  0.50000000E+00
  0.50000000E+00  0.50000000E+00  0.50000000E+00
  0.30882604E-05  0.30882604E-05  0.30882604E-05  0.58619919E+01  0.58619919E+01
  0.25215630E+04  0.58619919E+01  0.58619919E+01  0.25215630E+04  0.25215630E+04
  0.10443936E+04  0.10443936E+04  0.88219516E+05  0.88219516E+05  0.18454938E+07
  0.18035642E+04  0.18035642E+04  0.97749172E+05  0.97749172E+05  0.17476110E+07
  0.15745874E+07  0.12257950E+04  0.12257950E+04  0.93273172E+05  0.93273172E+05
  0.18817145E+07  0.17616889E+07  0.19136239E+07  0.83313782E+03  0.83313782E+03
  0.70374828E+05  0.70374828E+05  0.14721948E+07  0.13941113E+07  0.15010889E+07
  0.11744051E+07  0.60933368E+03  0.60933368E+03  0.68302641E+05  0.68302641E+05
  0.15730413E+07  0.15350320E+07  0.16150318E+07  0.12548528E+07  0.13165904E+07
  0.60933368E+03  0.60933368E+03  0.68302641E+05  0.68302641E+05  0.15730413E+07
  0.15350320E+07  0.16150318E+07  0.12548528E+07  0.13165904E+07  0.13165904E+07
  0.19177170E+03  0.19177170E+03  0.29572313E+05  0.29572313E+05  0.75632363E+06
  0.76234438E+06  0.78232956E+06  0.60333750E+06  0.62064869E+06  0.62064869E+06
  0.28637047E+06  0.19177170E+03  0.19177170E+03  0.29572313E+05  0.29572313E+05
  0.75632363E+06  0.76234438E+06  0.78232956E+06  0.60333750E+06  0.62064869E+06
  0.62064869E+06  0.28637047E+06  0.28637047E+06  0.33147595E+03  0.33147595E+03
  0.43830629E+05  0.43830629E+05  0.10662454E+07  0.10582833E+07  0.10989929E+07
  0.85056956E+06  0.88324756E+06  0.88324756E+06  0.41172659E+06  0.41172659E+06
  0.58907200E+06
  0.75381692E-03  0.75381692E-03  0.75381692E-03  0.86366981E+00  0.86366981E+00
  0.14896226E+02  0.86366981E+00  0.86366981E+00  0.14896226E+02  0.14896226E+02
  0.17238510E+02  0.17238510E+02  0.13175471E+03  0.13175471E+03  0.90112000E+03
  0.14792541E+02  0.14792541E+02  0.90562775E+02  0.90562775E+02  0.57260883E+03
  0.35491827E+03  0.17246496E+02  0.17246496E+02  0.12510842E+03  0.12510842E+03
  0.84028680E+03  0.53091449E+03  0.78253412E+03  0.13751574E+02  0.13751574E+02
  0.10510390E+03  0.10510390E+03  0.71884509E+03  0.45678384E+03  0.67031696E+03
  0.57344000E+03  0.15289896E+02  0.15289896E+02  0.13462071E+03  0.13462071E+03
  0.96606360E+03  0.62316595E+03  0.90396277E+03  0.77065216E+03  0.10262905E+04
  0.15289896E+02  0.15289896E+02  0.13462071E+03  0.13462071E+03  0.96606360E+03
  0.62316595E+03  0.90396277E+03  0.77065216E+03  0.10262905E+04  0.10262905E+04
  0.75493059E+01  0.75493059E+01  0.77960320E+02  0.77960320E+02  0.58955902E+03
  0.38650793E+03  0.55372314E+03  0.47030542E+03  0.62016284E+03  0.62016284E+03
  0.37075305E+03  0.75493059E+01  0.75493059E+01  0.77960320E+02  0.77960320E+02
  0.58955902E+03  0.38650793E+03  0.55372314E+03  0.47030542E+03  0.62016284E+03
  0.62016284E+03  0.37075305E+03  0.37075305E+03  0.10531198E+02  0.10531198E+02
  0.10070634E+03  0.10070634E+03  0.74274384E+03  0.48319315E+03  0.69635748E+03
  0.59250458E+03  0.78498438E+03  0.78498438E+03  0.47169586E+03  0.47169586E+03
  0.59865796E+03
     0     3    22     0     6    22     0     9    22    12    15    13
    18    21    11    24    27    12    24    30    12    24    33    12
    36    39    29    48    51    18    54    57    13    60    63    11
    66    69    12    66    72    12    66    75    12    78    81    29
     0    12    20    12    18     4    12    42     2    18    24     7
    18    36    27    42    45    23    42    48    15    48    54    16
    54    60     4    54    84     3    60    66     7    60    78    27
    84    87    25    84    90    25
     0    12    15    46     3     0     6    33     3     0     9    33
     3     0    12    31     6     0     9    33     6     0    12    31
     9     0    12    31    12    18    21    18    15    12    18    28
    15    12    42    26    18    24    27    23    18    24    30    23
    18    24    33    23    18    36    39    13    21    18    24    19
    21    18    36    61    27    24    30    25    27    24    33    25
    30    24    33    25    42    48    51    10    48    54    57    40
    51    48    54    11    54    60    63    18    57    54    60    28
    57    54    84    27    60    66    69    23    60    66    72    23
    60    66    75    23    60    78    81    13    63    60    66    19
    63    60    78    61    69    66    72    25    69    66    75    25
    72    66    75    25
     0    12    18    44     0    12    42    42    12    18    24     7
    12    18    36    59    12    42    45    48    18    12    42     1
    24    18    36    60    12    42    48    34    45    42    48    51
    42    48    54     4    48    54    60    38    48    54    84    37
    54    60    66     7    54    60    78    59    54    84    87    55
    54    84    90    55    60    54    84     2    66    60    78    60
    87    84    90    57
     0    12    18    21    49     3     0    12    15    51     3     0
    12    18    51     3     0    12    42    51     6     0    12    15
    51     6     0    12    18    51     6     0    12    42    51     9
     0    12    15    51     9     0    12    18    51     9     0    12
    42    51    12    18    24    27    50    12    18    24    30    50
    12    18    24    33    50    12    18    36    39    19    15    12
    18    21    49    15    12    18    24    49    15    12    18    36
    49    15    12    42    45    39    21    18    24    27    50    21
    18    24    30    50    21    18    24    33    50    21    18    36
    39    52    21    18    12    42    49    24    18    36    39    22
    27    24    18    36    50    30    24    18    36    50    33    24
    18    36    50    15    12    42    48    33    12    42    48    51
    13    45    42    48    51    45    42    48    54    57    27    48
    42    54   -51    59    48    54    60    63    49    51    48    54
    57    28    51    48    54    60    17    51    48    54    84    16
    54    60    66    69    50    54    60    66    72    50    54    60
    66    75    50    54    60    78    81    19    57    54    60    63
    49    57    54    60    66    49    57    54    60    78    49    57
    54    84    87    48    57    54    84    90    48    63    60    66
    69    50    63    60    66    72    50    63    60    66    75    50
    63    60    78    81    52    63    60    54    84    49    66    60
    78    81    22    69    66    60    78    50    72    66    60    78
    50    75    66    60    78    50
     0    12    18    24    49     0    12    18    36    49     0    12
    42    45    41    18    12    42    45    37    24    18    12    42
    49    36    18    12    42    49    42    12    48   -45    60     0
    12    42    48    36    18    12    42    48    31    12    42    48
    54     3    45    42    48    54    43    42    48    54    60     5
    42    48    54    84     2    48    54    60    66    49    48    54
    60    78    49    48    54    84    87    48    48    54    84    90
    48    60    54    84    87    48    60    54    84    90    48    66
    60    54    84    49    78    60    54    84    49    87    54    90
   -84    61
     2     3     4     5     6     7     8     9    13    15    16    17
     3     4     5     6     7    15     4     5     6     7    15     5
     6     7    15     6     7     8     9    10    11    12    13    14
    15    16    17    18    19     7     8     9    13    15    16    17
     8     9    10    11    12    13    14    15    16    17     9    10
    11    12    13    14    15    10    11    12    13    14    15    11
    12    13    12    13    13    14    15     0    16    17    18    19
    20    21    29    17    18    19    18    19    20    21    22    23
    27    29    30    31    19    20    21    29    20    21    22    23
    24    25    26    27    28    29    30    31    21    22    23    27
    29    30    31    22    23    24    25    26    27    28    29    30
    31    23    24    25    26    27    28    29    24    25    26    27
    28    29    25    26    27    26    27    27    28    29     0    30
    31    31     0



N3  HC  HC  HC  C1  HB  C1  HA  C3  HA  HA  HA  OH  H   C   O   N1  H   C1  HB  
C1  HA  C3  HA  HA  HA  OH  H   CC  OC  OC  
M   E   E   E   M   E   3   E   3   E   E   E   S   E   M   E   M   E   M   E   
3   E   3   E   E   E   S   E   M   E   E   
     0     1     1     1     1     5     5     7     7     9     9     9
     7    13     5    15    15    17    17    19    19    21    21    23
    23    23    21    27    19    29    29
    31     2     3     4    31     6    14     8    12    10    11    12
    14    14    31    16    31    18    31    20    28    22    26    24
    25    26    28    28    31    30    31
  0.30882604E-05  0.30882604E-05  0.30882604E-05  0.58619919E+01  0.58619919E+01
  0.25215630E+04  0.58619919E+01  0.58619919E+01  0.25215630E+04  0.25215630E+04
  0.10443936E+04  0.10443936E+04  0.88219516E+05  0.88219516E+05  0.18454938E+07
  0.18132585E+03  0.18132585E+03  0.18428152E+05  0.18428152E+05  0.41064981E+06
  0.90657383E+05  0.18132585E+03  0.18132585E+03  0.18428152E+05  0.18428152E+05
  0.41064981E+06  0.90657383E+05  0.90657383E+05  0.83313782E+03  0.83313782E+03
  0.70374828E+05  0.70374828E+05  0.14721948E+07  0.32758522E+06  0.32758522E+06
  0.11744051E+07  0.93498779E+02  0.93498779E+02  0.20716152E+05  0.20716152E+05
  0.59422588E+06  0.12715813E+06  0.12715813E+06  0.47402828E+06  0.15753256E+06
  0.60933368E+03  0.60933368E+03  0.68302641E+05  0.68302641E+05  0.15730413E+07
  0.34585194E+06  0.34585194E+06  0.12548528E+07  0.47728413E+06  0.13165904E+07
  0.25096094E+02  0.25096094E+02  0.84261426E+04  0.84261426E+04  0.27417888E+06
  0.57777387E+05  0.57777387E+05  0.21871906E+06  0.67292984E+05  0.21513247E+06
  0.27866191E+05  0.19177170E+03  0.19177170E+03  0.29572313E+05  0.29572313E+05
  0.75632363E+06  0.16414234E+06  0.16414234E+06  0.60333750E+06  0.21513247E+06
  0.62064869E+06  0.94519531E+05  0.28637047E+06  0.33147595E+03  0.33147595E+03
  0.43830629E+05  0.43830629E+05  0.10662454E+07  0.23283989E+06  0.23283989E+06
  0.85056956E+06  0.31277828E+06  0.88324756E+06  0.13911258E+06  0.41172659E+06
  0.58907200E+06
  0.75381692E-03  0.75381692E-03  0.75381692E-03  0.86366981E+00  0.86366981E+00
  0.14896226E+02  0.86366981E+00  0.86366981E+00  0.14896226E+02  0.14896226E+02
  0.17238510E+02  0.17238510E+02  0.13175471E+03  0.13175471E+03  0.90112000E+03
  0.39441128E+01  0.39441128E+01  0.33065613E+02  0.33065613E+02  0.23340706E+03
  0.60218727E+02  0.39441128E+01  0.39441128E+01  0.33065613E+02  0.33065613E+02
  0.23340706E+03  0.60218727E+02  0.60218727E+02  0.13751574E+02  0.13751574E+02
  0.10510390E+03  0.10510390E+03  0.71884509E+03  0.18619441E+03  0.18619441E+03
  0.57344000E+03  0.59893532E+01  0.59893532E+01  0.74139168E+02  0.74139168E+02
  0.59376068E+03  0.15082022E+03  0.15082022E+03  0.47365720E+03  0.35500146E+03
  0.15289896E+02  0.15289896E+02  0.13462071E+03  0.13462071E+03  0.96606360E+03
  0.24873254E+03  0.24873254E+03  0.77065216E+03  0.61792175E+03  0.10262905E+04
  0.27309756E+01  0.27309756E+01  0.41614567E+02  0.41614567E+02  0.35496902E+03
  0.89475525E+02  0.89475525E+02  0.28316733E+03  0.20420563E+03  0.36512015E+03
  0.11565367E+03  0.75493059E+01  0.75493059E+01  0.77960320E+02  0.77960320E+02
  0.58955902E+03  0.15081190E+03  0.15081190E+03  0.47030542E+03  0.36512015E+03
  0.62016284E+03  0.21300089E+03  0.37075305E+03  0.10531198E+02  0.10531198E+02
  0.10070634E+03  0.10070634E+03  0.74274384E+03  0.19058600E+03  0.19058600E+03
  0.59250458E+03  0.46713037E+03  0.78498438E+03  0.27418317E+03  0.47169586E+03
  0.59865796E+03
  0.00000000E+00  0.00000000E+00  0.80000000E+01  0.00000000E+00  0.00000000E+00
  0.00000000E+00  0.80000000E+01  0.80000000E+01  0.00000000E+00  0.00000000E+00
  0.00000000E+00  0.00000000E+00  0.00000000E+00  0.00000000E+00  0.00000000E+00
  0.00000000E+00  0.30000000E+02  0.22530001E+02  0.22530001E+02  0.54000001E+01
  0.30000000E+02  0.30000000E+02  0.22530001E+02  0.22530001E+02  0.54000001E+01
  0.00000000E+00  0.00000000E+00  0.00000000E+00  0.00000000E+00  0.00000000E+00
  0.20000000E+02  0.20000000E+02  0.00000000E+00  0.00000000E+00  0.00000000E+00
  0.00000000E+00  0.00000000E+00  0.00000000E+00  0.00000000E+00  0.00000000E+00
  0.00000000E+00  0.00000000E+00  0.00000000E+00  0.00000000E+00  0.00000000E+00
  0.00000000E+00  0.35000000E+02  0.00000000E+00  0.00000000E+00  0.00000000E+00
  0.00000000E+00  0.50000000E+02  0.50000000E+02  0.00000000E+00  0.50000000E+02
  0.50000000E+02  0.70000000E+02  0.00000000E+00  0.00000000E+00  0.00000000E+00
  0.00000000E+00  0.00000000E+00
  0.00000000E+00  0.00000000E+00  0.25610001E+01  0.00000000E+00  0.00000000E+00
  0.00000000E+00  0.25610001E+01  0.25610001E+01  0.00000000E+00  0.00000000E+00
  0.00000000E+00  0.00000000E+00  0.00000000E+00  0.00000000E+00  0.00000000E+00
  0.00000000E+00  0.21630001E+01  0.21789999E+01  0.21789999E+01  0.18020000E+01
  0.21630001E+01  0.21630001E+01  0.21789999E+01  0.21789999E+01  0.18020000E+01
  0.00000000E+00  0.00000000E+00  0.00000000E+00  0.00000000E+00  0.00000000E+00
  0.20739999E+01  0.20739999E+01  0.00000000E+00  0.00000000E+00  0.00000000E+00
  0.00000000E+00  0.00000000E+00  0.00000000E+00  0.00000000E+00  0.00000000E+00
  0.00000000E+00  0.00000000E+00  0.00000000E+00  0.00000000E+00  0.00000000E+00
  0.00000000E+00  0.21010001E+01  0.00000000E+00  0.00000000E+00  0.00000000E+00
  0.00000000E+00  0.24400001E+01  0.24400001E+01  0.00000000E+00  0.23880000E+01
  0.23880000E+01  0.22249999E+01  0.00000000E+00  0.00000000E+00  0.00000000E+00
  0.00000000E+00  0.00000000E+00
