PSF 

       2 !NTITLE
*  SIMPLE MINIMIZATION FROM AN INPUT PDB FILE                                   
*  DATE:    11/23/99     15:46:45      CREATED BY USER: case                    

      31 !NATOM
       1 PDB  1    THR  N      56  -0.300000       14.0070           0
       2 PDB  1    THR  HT1     2   0.330000       1.00800           0
       3 PDB  1    THR  HT2     2   0.330000       1.00800           0
       4 PDB  1    THR  HT3     2   0.330000       1.00800           0
       5 PDB  1    THR  CA     22   0.210000       12.0110           0
       6 PDB  1    THR  HA      6   0.100000       1.00800           0
       7 PDB  1    THR  CB     22   0.140000       12.0110           0
       8 PDB  1    THR  HB      3   0.900000E-01   1.00800           0
       9 PDB  1    THR  OG1    73  -0.660000       15.9990           0
      10 PDB  1    THR  HG1     1   0.430000       1.00800           0
      11 PDB  1    THR  CG2    24  -0.270000       12.0110           0
      12 PDB  1    THR  HG21    3   0.900000E-01   1.00800           0
      13 PDB  1    THR  HG22    3   0.900000E-01   1.00800           0
      14 PDB  1    THR  HG23    3   0.900000E-01   1.00800           0
      15 PDB  1    THR  C      20   0.510000       12.0110           0
      16 PDB  1    THR  O      70  -0.510000       15.9990           0
      17 PDB  2    THR  N      54  -0.470000       14.0070           0
      18 PDB  2    THR  HN      1   0.310000       1.00800           0
      19 PDB  2    THR  CA     22   0.700000E-01   12.0110           0
      20 PDB  2    THR  HA      6   0.900000E-01   1.00800           0
      21 PDB  2    THR  CB     22   0.140000       12.0110           0
      22 PDB  2    THR  HB      3   0.900000E-01   1.00800           0
      23 PDB  2    THR  OG1    73  -0.660000       15.9990           0
      24 PDB  2    THR  HG1     1   0.430000       1.00800           0
      25 PDB  2    THR  CG2    24  -0.270000       12.0110           0
      26 PDB  2    THR  HG21    3   0.900000E-01   1.00800           0
      27 PDB  2    THR  HG22    3   0.900000E-01   1.00800           0
      28 PDB  2    THR  HG23    3   0.900000E-01   1.00800           0
      29 PDB  2    THR  C      32   0.340000       12.0110           0
      30 PDB  2    THR  OT1    72  -0.670000       15.9990           0
      31 PDB  2    THR  OT2    72  -0.670000       15.9990           0

      30 !NBOND: bonds
       2       1       3       1       4       1       7       5
       9       7      11       7       1       5      15       5
      15      17       5       6       7       8       9      10
      11      12      11      13      11      14      16      15
      21      19      23      21      25      21      17      18
      17      19      29      19      19      20      21      22
      23      24      25      26      25      27      25      28
      29      31      29      30

      53 !NTHETA: angles
       2       1       3       2       1       4       2       1       5
       3       1       4       3       1       5       4       1       5
       5       7       9       5       7      11       5       7       8
       7       5      15       7       9      10       9       7      11
       7      11      12       7      11      13       7      11      14
       1       5       7       1       5      15       1       5       6
       5      15      17       5      15      16      15      17      18
      15      17      19       6       5       7       6       5      15
       8       7       9       8       7      11      12      11      13
      12      11      14      13      11      14      16      15      17
      19      21      23      19      21      25      19      21      22
      21      19      29      21      23      24      23      21      25
      21      25      26      21      25      27      21      25      28
      18      17      19      17      19      21      17      19      29
      17      19      20      19      29      31      19      29      30
      20      19      21      20      19      29      22      21      23
      22      21      25      26      25      27      26      25      28
      27      25      28      30      29      31

      73 !NPHI: dihedrals
       1       5       7       8       1       5       7       9
       1       5       7      11       1       5      15      16
       1       5      15      17       2       1       5       6
       2       1       5       7       2       1       5      15
       3       1       5       6       3       1       5       7
       3       1       5      15       4       1       5       6
       4       1       5       7       4       1       5      15
       5       7       9      10       5       7      11      12
       5       7      11      13       5       7      11      14
       5      15      17      18       5      15      17      19
       6       5       7       8       6       5       7       9
       6       5       7      11       6       5      15      16
       6       5      15      17       7       5      15      16
       7       5      15      17       8       7       5      15
       8       7       9      10       8       7      11      12
       8       7      11      13       8       7      11      14
       9       7       5      15       9       7      11      12
       9       7      11      13       9       7      11      14
      10       9       7      11      11       7       5      15
      15      17      19      20      15      17      19      21
      15      17      19      29      16      15      17      18
      16      15      17      19      17      19      21      22
      17      19      21      23      17      19      21      25
      17      19      29      30      17      19      29      31
      18      17      19      20      18      17      19      21
      18      17      19      29      19      21      23      24
      19      21      25      26      19      21      25      27
      19      21      25      28      20      19      21      22
      20      19      21      23      20      19      21      25
      20      19      29      30      20      19      29      31
      21      19      29      30      21      19      29      31
      22      21      19      29      22      21      23      24
      22      21      25      26      22      21      25      27
      22      21      25      28      23      21      19      29
      23      21      25      26      23      21      25      27
      23      21      25      28      24      23      21      25
      25      21      19      29

       3 !NIMPHI: impropers
      15       5      17      16      17      15      19      18
      30      19      31      29

       6 !NDON: donors
       1       2       1       3       1       4       9      10
      17      18      23      24

       5 !NACC: acceptors
       9       0      16      15      23       0      30      29
      31      29

       0 !NNB

       0       0       0       0       0       0       0       0
       0       0       0       0       0       0       0       0
       0       0       0       0       0       0       0       0
       0       0       0       0       0       0       0

       8       0 !NGRP NST2
       0       2       0       6       1       0      10       1       0
      14       1       0      16       1       0      20       1       0
      24       1       0      28       2       0
