  link for crambin                                                              
   31
  16.9640007  13.9740000   3.5500000  16.2689991  13.9219999   2.7780001
  17.9169998  14.0909996   3.1510000  16.7430000  14.7849998   4.1620002
  16.9109993  12.7150002   4.3540001  16.9669991  11.8769999   3.6750000
  18.0869999  12.7049999   5.3309999  18.0130005  13.5509996   6.0469999
  18.1310005  11.4399996   6.1789999  18.0480003  10.5419998   5.5300002
  17.2849998  11.4370003   6.8990002  19.0930004  11.3889999   6.7329998
  19.2539997  12.8470001   4.5289998  19.8969994  13.3039999   5.0760002
  15.6169996  12.6800003   5.0669999  15.1350002  13.7410002   5.5349998
  15.0500002  11.4980001   5.1820002  15.4280005  10.6719999   4.7719998
  13.8000002  11.3540001   5.9439998  13.4379997  12.3400002   6.1950002
  12.7840004  10.6099997   5.0990000  11.8479996  10.4420004   5.6729999
  12.4510002  11.3230000   3.7969999  13.3680000  11.4410000   3.1810000
  12.0360003  12.3310003   4.0130000  11.7100000  10.7299995   3.2200000
  13.3640003   9.3599997   4.7560000  12.9860001   8.7180004   5.3620000
  14.1180000  10.6639996   7.2740002  15.0129995   9.7869997   7.3759999
  13.4270000  11.1370001   8.2810001
